name: default_name_1
id: 1
position: 2, 5
capacity: 1
rtt: 13
down_time: 5
current line: 156
line_log: []
line_ppl: [12, 13, 16, 21, 24, 32, 35, 42, 43, 45, 49, 60, 61, 62, 83, 91, 93, 94, 96, 98, 99, 102, 103, 105, 113, 114, 118, 123, 126, 129, 132, 135, 136, 138, 139, 144, 147, 150, 151, 153, 156, 158, 160, 161, 167, 169, 170, 171, 174, 175, 177, 178, 180, 183, 187, 188, 189, 191, 199, 201, 203, 205, 206, 209, 210, 214, 219, 227, 228, 230, 231, 233, 236, 238, 239, 243, 250, 251, 252, 256, 263, 264, 268, 269, 271, 275, 282, 285, 286, 287, 288, 289, 299, 301, 302, 308, 316, 318, 322, 324, 330, 331, 335, 336, 337, 344, 349, 350, 352, 353, 358, 361, 362, 364, 365, 366, 370, 372, 375, 391, 392, 397, 402, 403, 408, 409, 410, 414, 417, 420, 425, 427, 429, 433, 435, 447, 450, 452, 453, 454, 455, 461, 469, 475, 480, 481, 495, 498, 499, 520, 528, 533, 534, 539, 541, 543]
attractivity: 9
running: true
onborard ppl: [11]
---
name: default_name_2
id: 2
position: 3, 4
capacity: 7
rtt: 3
down_time: 5
current line: 13
line_log: []
line_ppl: [489, 507, 516, 517, 518, 526, 540, 542, 545, 546, 548, 549, 550]
attractivity: 6
running: false
onborard ppl: []
---
name: default_name_3
id: 3
position: 8, 6
capacity: 3
rtt: 13
down_time: 3
current line: 125
line_log: []
line_ppl: [75, 78, 81, 82, 87, 92, 101, 108, 109, 110, 112, 117, 120, 121, 124, 131, 140, 143, 148, 155, 159, 163, 164, 166, 168, 193, 194, 198, 200, 213, 215, 222, 226, 229, 232, 235, 237, 244, 254, 255, 257, 258, 265, 266, 276, 294, 295, 298, 303, 304, 306, 307, 309, 313, 314, 317, 319, 320, 326, 328, 329, 333, 340, 341, 355, 356, 359, 367, 373, 374, 382, 385, 386, 389, 390, 401, 406, 407, 411, 413, 415, 423, 432, 437, 438, 439, 440, 443, 444, 446, 449, 457, 459, 460, 466, 467, 470, 472, 474, 476, 479, 486, 487, 490, 492, 493, 494, 497, 502, 503, 505, 506, 509, 511, 512, 515, 519, 521, 525, 529, 530, 531, 537, 544, 547]
attractivity: 9
running: true
onborard ppl: [67, 68, 73]
---
name: default_name_4
id: 4
position: 5, 3
capacity: 5
rtt: 5
down_time: 6
current line: 101
line_log: []
line_ppl: [173, 176, 179, 181, 182, 184, 185, 186, 190, 195, 197, 202, 204, 211, 212, 216, 217, 220, 223, 225, 234, 240, 245, 247, 248, 253, 259, 270, 273, 274, 277, 278, 283, 290, 292, 293, 297, 305, 312, 321, 323, 327, 332, 334, 338, 346, 347, 348, 354, 357, 360, 371, 376, 377, 378, 379, 381, 383, 387, 388, 394, 396, 404, 405, 418, 419, 421, 422, 428, 430, 431, 434, 436, 442, 445, 451, 463, 464, 465, 468, 473, 477, 482, 483, 491, 496, 500, 501, 504, 508, 510, 513, 514, 522, 523, 524, 527, 532, 535, 536, 538]
attractivity: 9
running: false
onborard ppl: []
---
